E2 00 30 31 18 13 01 35 08 20 C8 48 
E2 00 30 31 18 13 01 35 08 20 C8 48 
E2 00 30 31 18 13 01 35 08 20 C8 48 
E2 00 30 31 18 13 01 35 08 20 C8 48 
E2 00 30 31 18 13 01 35 08 20 C8 48 
E2 00 30 31 18 13 01 35 08 20 C8 48 
E2 00 34 12 01 65 FA 00 02 46 E1 CC 
E2 00 34 12 01 65 FA 00 02 46 E1 CC 
E2 00 30 31 18 13 01 35 08 20 C8 48 
E2 00 34 12 01 65 FA 00 02 46 E1 CC 
E2 00 34 12 01 65 FA 00 02 46 E1 CC 
E2 00 30 31 18 13 01 35 08 20 C8 48 
E2 00 30 31 18 13 01 35 08 20 C8 48 
E2 00 30 31 18 13 01 35 08 20 C8 48 
E2 00 30 31 18 13 01 35 08 20 C8 48 
E2 00 30 31 18 13 01 35 08 20 C8 48 
E2 00 30 31 18 13 01 35 08 20 C8 48 
E2 00 30 31 18 13 01 35 08 20 C8 48 
E2 00 30 31 18 13 01 35 08 20 C8 48 
E2 00 30 31 18 13 01 35 08 20 C8 48 
E2 00 34 12 01 65 FA 00 02 46 E1 CC 
E2 00 34 12 01 65 FA 00 02 46 E1 CC 
E2 00 34 12 01 65 FA 00 02 46 E1 CC 
E2 00 34 12 01 65 FA 00 02 46 E1 CC 
E2 00 34 12 01 65 FA 00 02 46 E1 CC 
E2 00 34 12 01 65 FA 00 02 46 E1 CC 
E2 00 34 12 01 65 FA 00 02 46 E1 CC 
E2 00 34 12 01 65 FA 00 02 46 E1 CC 
E2 00 34 12 01 65 FA 00 02 46 E1 CC 
E2 00 34 12 01 32 FD 33 30 66 66 66 
E2 00 34 12 01 65 FA 00 02 46 E1 CC 
E2 00 34 12 01 65 FA 00 02 46 E1 CC 
E2 00 34 12 01 32 FD 33 30 66 66 66 
E2 00 34 12 01 32 FD 33 30 66 66 66 
E2 00 34 12 01 32 FD 33 30 66 66 66 
E2 00 34 12 01 32 FD 33 30 66 66 66 
E2 00 34 12 01 32 FD 33 30 66 66 66 
E2 00 34 12 01 65 FA 00 02 46 E1 CC 
E2 00 34 12 01 65 FA 00 02 46 E1 CC 
E2 00 34 12 01 32 FD 33 30 66 66 66 
E2 00 34 12 01 32 FD 33 30 66 66 66 
E2 00 34 12 01 65 FA 00 02 46 E1 CC 
E2 00 34 12 01 65 FA 00 02 46 E1 CC 
E2 00 34 12 01 65 FA 00 02 46 E1 CC 
E2 00 34 12 01 65 FA 00 02 46 E1 CC 
E2 00 34 12 01 65 FA 00 02 46 E1 CC 
E2 00 34 12 01 65 FA 00 02 46 E1 CC 
E2 00 34 12 01 65 FA 00 02 46 E1 CC 
E2 00 34 12 01 65 FA 00 02 46 E1 CC 
E2 00 34 12 01 65 FA 00 02 46 E1 CC 
E2 00 34 12 01 65 FA 00 02 46 E1 CC 
E2 00 34 12 01 65 FA 00 02 46 E1 CC 
E2 00 34 12 01 65 FA 00 02 46 E1 CC 
E2 00 34 12 01 65 FA 00 02 46 E1 CC 
E2 00 34 12 01 32 FD 33 30 66 66 66 
E2 00 34 12 01 32 FD 33 30 66 66 66 
E2 00 34 12 01 65 FA 00 02 46 E1 CC 
E2 00 34 12 01 65 FA 00 02 46 E1 CC 
E2 00 34 12 01 65 FA 00 02 46 E1 CC 
E2 00 34 12 01 65 FA 00 02 46 E1 CC 
E2 00 34 12 01 65 FA 00 02 46 E1 CC 
E2 00 34 12 01 65 FA 00 02 46 E1 CC 
E2 00 34 12 01 65 FA 00 02 46 E1 CC 
E2 00 34 12 01 65 FA 00 02 46 E1 CC 
E2 00 34 12 01 65 FA 00 02 46 E1 CC 
E2 00 34 12 01 65 FA 00 02 46 E1 CC 
E2 00 34 12 01 65 FA 00 02 46 E1 CC 
E2 00 34 12 01 65 FA 00 02 46 E1 CC 
E2 00 34 12 01 65 FA 00 02 46 E1 CC 
E2 00 34 12 01 65 FA 00 02 46 E1 CC 
E2 00 34 12 01 65 FA 00 02 46 E1 CC 
E2 00 34 12 01 65 FA 00 02 46 E1 CC 
E2 00 34 12 01 65 FA 00 02 46 E1 CC 
E2 00 34 12 01 65 FA 00 02 46 E1 CC 
E2 00 34 12 01 65 FA 00 02 46 E1 CC 
E2 00 34 12 01 65 FA 00 02 46 E1 CC 
E2 00 34 12 01 65 FA 00 02 46 E1 CC 
E2 00 34 12 01 65 FA 00 02 46 E1 CC 
E2 00 34 12 01 65 FA 00 02 46 E1 CC 
E2 00 34 12 01 65 FA 00 02 46 E1 CC 
E2 00 34 12 01 65 FA 00 02 46 E1 CC 
E2 00 34 12 01 65 FA 00 02 46 E1 CC 
E2 00 34 12 01 65 FA 00 02 46 E1 CC 
E2 00 34 12 01 65 FA 00 02 46 E1 CC 
E2 00 34 12 01 65 FA 00 02 46 E1 CC 
E2 00 34 12 01 65 FA 00 02 46 E1 CC 
E2 00 34 12 01 65 FA 00 02 46 E1 CC 
E2 00 34 12 01 65 FA 00 02 46 E1 CC 
E2 00 34 12 01 65 FA 00 02 46 E1 CC 
E2 00 34 12 01 65 FA 00 02 46 E1 CC 
E2 00 34 12 01 32 FD 33 30 66 66 66 
E2 00 34 12 01 65 FA 00 02 46 E1 CC 
