E2 00 34 12 01 30 FC 00 03 39 CB 5B 
E2 00 34 12 01 30 FC 00 03 39 CB 5B 
E2 00 34 12 01 30 FC 00 03 39 CB 5B 
E2 00 34 12 01 30 FC 00 03 39 CB 5B 
E2 00 34 12 01 30 FC 00 03 39 CB 5B 
E2 00 34 12 01 30 FC 00 03 39 CB 5B 
E2 00 34 12 01 30 FC 00 03 39 CB 5B 
E2 00 34 12 01 30 FC 00 03 39 CB 5B 
E2 00 34 12 01 30 FC 00 03 39 CB 5B 
E2 00 34 12 01 30 FC 00 03 39 CB 5B 
E2 00 34 12 01 30 FC 00 03 39 CB 5B 
E2 00 34 12 01 30 FC 00 03 39 CB 5B 
E2 00 34 12 01 30 FC 00 03 39 CB 5B 
E2 00 34 12 01 30 FC 00 03 39 CB 5B 
E2 00 34 12 01 30 FC 00 03 39 CB 5B 
E2 00 34 12 01 30 FC 00 03 39 CB 5B 
E2 00 34 12 01 30 FC 00 03 39 CB 5B 
E2 00 34 12 01 30 FC 00 03 39 CB 5B 
E2 00 34 12 01 30 FC 00 03 39 CB 5B 
E2 00 34 12 72 18 FD 00 21 50 36 F9 
E2 00 34 12 72 18 FD 00 21 50 36 F9 
E2 00 34 12 72 18 FD 00 21 50 36 F9 
E2 00 34 12 72 18 FD 00 21 50 36 F9 
E2 00 34 12 72 18 FD 00 21 50 36 F9 
E2 00 30 98 41 10 01 20 24 00 1E CD 
E2 00 30 98 41 10 01 20 24 00 1E CD 
E2 00 30 98 41 10 01 20 24 00 1E CD 
E2 00 30 98 41 10 01 20 24 00 1E CD 
E2 00 30 98 41 10 01 20 24 00 1E CD 
E2 00 30 98 41 10 01 20 24 00 1E CD 
E2 00 30 98 41 10 01 20 24 00 1E CD 
E2 00 30 98 41 10 01 20 24 00 1E CD 
E2 00 30 98 41 10 01 20 24 00 1E CD 
E2 00 30 98 41 10 01 20 24 00 1E CD 
E2 00 30 98 41 10 01 20 24 00 1E CD 
E2 00 30 98 41 10 01 20 24 00 1E CD 
E2 00 30 98 41 10 01 20 24 00 1E CD 
E2 00 30 98 41 10 01 20 24 00 1E CD 
E2 00 30 98 41 10 01 20 24 00 1E CD 
E2 00 30 98 41 10 01 20 24 00 1E CD 
E2 00 30 98 41 10 01 20 24 00 1E CD 
E2 00 30 98 41 10 01 20 24 00 1E CD 
E3 2D 77 FC 01 32 F0 00 11 00 1F 19 
E3 2D 77 FC 01 32 F0 00 11 00 1F 19 
E3 2D 77 FC 01 32 F0 00 11 00 1F 19 
E3 2D 77 FC 01 32 F0 00 11 00 1F 19 
E3 2D 77 FC 01 32 F0 00 11 00 1F 19 
E3 2D 77 FC 01 32 F0 00 11 00 1F 19 
E3 2D 77 FC 01 32 F0 00 11 00 1F 19 
E2 00 30 98 41 10 01 20 24 00 1E CD 
E3 2D 77 FC 01 32 F0 00 11 00 1F 19 
E3 2D 77 FC 01 32 F0 00 11 00 1F 19 
E3 2D 77 FC 01 32 F0 00 11 00 1F 19 
E3 2D 77 FC 01 32 F0 00 11 00 1F 19 
E3 2D 77 FC 01 32 F0 00 11 00 1F 19 
E3 2D 77 FC 01 32 F0 00 11 00 1F 19 
E3 2D 77 FC 01 32 F0 00 11 00 1F 19 
E3 2D 77 FC 01 32 F0 00 11 00 1F 19 
E3 2D 77 FC 01 32 F0 00 11 00 1F 19 
E3 2D 77 FC 01 32 F0 00 11 00 1F 19 
E3 2D 77 FC 01 32 F0 00 11 00 1F 19 
E2 00 30 98 41 10 01 20 24 00 1E CD 
E2 00 30 98 41 10 01 20 24 00 1E CD 
E3 2D 77 FC 01 32 F0 00 11 00 1F 19 
E3 2D 77 FC 01 32 F0 00 11 00 1F 19 
E2 00 30 98 06 0C 01 86 12 10 9E 4D 
E2 00 30 98 06 0C 01 86 12 10 9E 4D 
E2 00 30 98 06 0C 01 86 12 10 9E 4D 
E2 00 30 98 06 0C 01 86 12 10 9E 4D 
E2 00 30 98 06 0C 01 86 12 10 9E 4D 
E2 00 30 98 06 0C 01 86 12 10 9E 4D 
E2 00 30 98 06 0C 01 86 12 10 9E 4D 
E2 00 30 98 06 0C 01 86 12 10 9E 4D 
E2 00 30 98 06 0C 01 86 12 10 9E 4D 
E2 00 30 98 06 0C 01 86 12 10 9E 4D 
E2 00 30 98 06 0C 01 86 12 10 9E 4D 
E2 00 30 98 06 0C 01 86 12 10 9E 4D 
E2 00 30 98 06 0C 01 86 12 10 9E 4D 
E2 00 30 98 06 0C 01 86 12 10 9E 4D 
E2 00 30 98 06 0C 01 86 12 10 9E 4D 
E2 00 30 98 06 0C 01 86 12 10 9E 4D 
E2 00 30 98 06 0C 01 86 12 10 9E 4D 
E2 00 30 98 06 0C 01 86 12 10 9E 4D 
E2 00 30 98 06 0C 01 86 12 10 9E 4D 
E2 00 30 98 06 0C 01 86 12 10 9E 4D 
E2 00 30 98 06 0C 01 86 12 10 9E 4D 
E2 00 30 98 06 0C 01 86 12 10 9E 4D 
E2 00 34 12 01 32 FD 33 30 66 66 66 
E2 00 34 12 01 3F FD 00 01 3C 41 1A 
E2 00 30 31 18 13 01 35 08 20 C8 48 
E2 00 30 31 18 13 01 35 08 20 C8 48 
E2 00 34 12 01 65 FA 00 02 46 E1 CC 
E2 00 34 12 01 65 FA 00 02 46 E1 CC 
E2 00 34 12 01 65 FA 00 02 46 E1 CC 
E2 00 34 12 01 65 FA 00 02 46 E1 CC 
E2 00 34 12 01 3B F9 00 05 A3 96 64 
E2 00 34 12 01 3B F9 00 05 A3 96 64 
E2 00 34 12 01 32 FD 33 30 66 66 66 
E2 00 34 12 01 65 FA 00 02 46 E1 CC 
E2 00 34 12 01 65 FA 00 02 46 E1 CC 
E2 00 34 12 01 65 FA 00 02 46 E1 CC 
E2 00 34 12 01 65 FA 00 02 46 E1 CC 
E2 00 34 12 01 65 FA 00 02 46 E1 CC 
E2 00 34 12 01 65 FA 00 02 46 E1 CC 
E2 00 34 12 01 65 FA 00 02 46 E1 CC 
E2 00 34 12 01 65 FA 00 02 46 E1 CC 
E2 00 34 12 01 65 FA 00 02 46 E1 CC 
E2 00 30 31 18 13 01 35 08 20 C8 48 
E2 00 30 31 18 13 01 35 08 20 C8 48 
E2 00 30 31 18 13 01 35 08 20 C8 48 
E2 00 30 31 18 13 01 35 08 20 C8 48 
E2 00 30 31 18 13 01 35 08 20 C8 48 
E2 00 30 31 18 13 01 35 08 20 C8 48 
E2 00 30 31 18 13 01 35 08 20 C8 48 
E2 00 30 31 18 13 01 35 08 20 C8 48 
E2 00 30 31 18 13 01 35 08 20 C8 48 
E2 00 30 31 18 13 01 35 08 20 C8 48 
E2 00 30 31 18 13 01 35 08 20 C8 48 
E2 00 30 31 18 13 01 35 08 20 C8 48 
E2 00 30 31 18 13 01 35 08 20 C8 48 
E2 00 30 31 18 13 01 35 08 20 C8 48 
E2 00 30 31 18 13 01 35 08 20 C8 48 
E2 00 30 31 18 13 01 35 08 20 C8 48 
E2 00 30 31 18 13 01 35 08 20 C8 48 
E2 00 30 31 18 13 01 35 08 20 C8 48 
E2 00 30 31 18 13 01 35 08 20 C8 48 
E2 00 30 31 18 13 01 35 08 20 C8 48 
E2 00 30 31 18 13 01 35 08 20 C8 48 
E2 00 30 31 18 13 01 35 08 20 C8 48 
E2 00 30 31 18 13 01 35 08 20 C8 48 
E2 00 30 31 18 13 01 35 08 20 C8 48 
E2 00 30 31 18 13 01 35 08 20 C8 48 
E2 00 30 31 18 13 01 35 08 20 C8 48 
E2 00 30 31 18 13 01 35 08 20 C8 48 
E2 00 30 31 18 13 01 35 08 20 C8 48 
E2 00 30 31 18 13 01 35 08 20 C8 48 
E2 00 30 31 18 13 01 35 08 20 C8 48 
E2 00 30 31 18 13 01 35 08 20 C8 48 
E2 00 30 31 18 13 01 35 08 20 C8 48 
E2 00 30 31 18 13 01 35 08 20 C8 48 
E2 00 30 31 18 13 01 35 08 20 C8 48 
E2 00 30 31 18 13 01 35 08 20 C8 48 
E2 00 30 31 18 13 01 35 08 20 C8 48 
E2 00 30 31 18 13 01 35 08 20 C8 48 
E2 00 30 31 18 13 01 35 08 20 C8 48 
E2 00 30 31 18 13 01 35 08 20 C8 48 
E2 00 30 31 18 13 01 35 08 20 C8 48 
E2 00 30 31 18 13 01 35 08 20 C8 48 
E2 00 30 31 18 13 01 35 08 20 C8 48 
E2 00 34 12 01 65 FA 00 02 46 E1 CC 
E2 00 34 12 01 65 FA 00 02 46 E1 CC 
E2 00 34 12 01 65 FA 00 02 46 E1 CC 
E2 00 34 12 01 65 FA 00 02 46 E1 CC 
E2 00 34 12 01 65 FA 00 02 46 E1 CC 
E2 00 34 12 01 65 FA 00 02 46 E1 CC 
E2 00 34 12 01 65 FA 00 02 46 E1 CC 
E2 00 34 12 01 65 FA 00 02 46 E1 CC 
E2 00 34 12 01 65 FA 00 02 46 E1 CC 
E2 00 34 12 01 65 FA 00 02 46 E1 CC 
E2 00 34 12 01 65 FA 00 02 46 E1 CC 
